20
0 9 29 34 31 4 2 36 16 37 38 22 49 36 2 4 40 20 3 36 
31 0 34 36 25 35 37 46 7 34 14 17 43 18 24 20 8 20 45 37 
44 26 0 41 6 44 6 6 11 5 38 47 40 34 19 13 36 38 27 23 
16 37 42 0 44 39 48 19 10 12 18 44 44 30 16 49 11 46 50 30 
40 25 42 25 0 5 43 3 49 39 20 25 49 20 18 36 38 26 1 19 
31 21 44 33 39 0 33 48 27 19 45 2 16 43 3 28 38 18 5 12 
18 38 11 30 35 19 0 39 44 2 40 3 23 38 6 18 1 4 11 20 
22 32 26 8 2 41 7 0 22 10 7 6 13 21 31 7 41 47 41 45 
12 23 32 25 30 13 45 12 0 20 34 41 30 7 5 20 41 7 25 48 
48 48 10 30 26 10 47 48 31 0 23 24 49 40 11 25 9 5 29 22 
21 10 30 31 46 34 36 16 3 33 0 18 21 27 9 26 16 9 32 30 
16 36 30 1 22 32 24 43 44 1 21 0 25 27 34 20 47 44 41 42 
37 10 45 12 8 23 44 15 8 32 37 31 0 50 21 47 18 28 49 36 
24 29 34 21 27 5 48 21 1 9 34 50 46 0 48 28 15 31 18 28 
42 17 39 8 38 8 22 50 38 20 40 20 45 30 0 14 30 38 25 32 
40 27 36 50 44 8 46 16 12 28 4 3 42 1 18 0 49 34 18 41 
10 5 15 29 42 41 41 5 40 46 38 16 9 45 2 10 0 20 20 20 
16 21 7 38 36 7 47 23 33 38 33 31 33 40 12 32 17 0 37 49 
4 20 10 20 43 35 41 41 47 15 39 8 43 29 4 44 21 36 0 10 
48 43 9 17 36 39 50 26 24 26 22 38 22 48 1 50 41 17 14 0