20
0 -1 -1 44 -1 -1 -1 -1 -1 -1 -1 -1 -1 6 34 28 20 5 -1 -1 
16 0 25 16 30 23 48 -1 -1 20 45 -1 47 41 27 6 -1 14 -1 26 
9 -1 0 16 32 -1 11 3 21 36 39 -1 -1 40 -1 35 -1 39 29 -1 
24 49 36 0 -1 21 18 -1 38 -1 -1 -1 23 47 30 37 -1 5 30 2 
48 -1 -1 10 0 -1 -1 -1 -1 19 47 7 23 6 -1 -1 -1 28 47 35 
33 7 -1 -1 -1 0 25 -1 15 -1 12 36 -1 3 -1 25 37 26 -1 41 
36 30 -1 -1 -1 8 0 37 9 -1 -1 -1 6 25 43 31 45 -1 -1 -1 
-1 -1 -1 -1 6 29 28 0 24 22 -1 -1 -1 -1 -1 4 -1 -1 43 20 
35 -1 18 38 -1 32 -1 11 0 19 20 -1 -1 -1 -1 3 49 1 34 31 
-1 16 1 34 8 -1 -1 -1 15 0 -1 7 37 -1 -1 -1 13 20 -1 13 
21 -1 -1 -1 -1 23 -1 6 -1 -1 0 -1 -1 -1 -1 13 -1 -1 -1 7 
26 -1 25 40 33 32 50 35 -1 -1 33 0 10 38 13 22 16 -1 -1 -1 
-1 -1 -1 5 13 -1 -1 22 -1 23 22 33 0 -1 35 45 4 7 -1 -1 
-1 -1 -1 40 -1 -1 -1 16 40 42 -1 40 49 0 18 -1 -1 5 42 -1 
-1 15 -1 2 -1 -1 36 42 -1 3 -1 38 46 -1 0 -1 -1 49 -1 -1 
-1 22 -1 48 40 26 7 -1 -1 -1 39 24 8 26 9 0 34 10 4 -1 
-1 -1 36 -1 47 -1 -1 -1 -1 24 -1 49 11 18 -1 -1 0 -1 42 20 
-1 -1 -1 -1 27 5 42 -1 29 -1 -1 -1 -1 -1 -1 24 31 0 41 12 
-1 -1 34 50 30 -1 39 -1 -1 -1 49 -1 16 10 -1 -1 -1 -1 0 -1 
38 46 -1 19 46 38 12 -1 5 -1 41 -1 35 -1 -1 11 4 3 -1 0